0.0 0.0 0.0 0.0 0.0 0.0 0.0 0.0 0.0 0.0 0.0 0.0 0.0 0.0 0.0 0.0 0.0 0.0 0.0
0.0 0.045454547 0.04761905 0.05 0.05263158 0.05 0.04761905 0.045454547 0.04347826 0.0 0.04 0.03846154 0.037037037 0.035714287 0.035714287 0.03448276 0.033333335 0.032258064 0.0
0.0 0.04761905 0.0 0.0 0.055555556 0.0 0.0 0.0 0.045454547 0.0 0.041666668 0.0 0.0 0.0 0.037037037 0.0 0.0 0.033333335 0.0
0.0 0.05 0.0 0.0 0.05882353 0.0 0.0 0.0 0.04761905 0.0 0.04347826 0.0 0.0 0.0 0.03846154 0.0 0.0 0.03448276 0.0
0.0 0.05263158 0.055555556 0.05882353 0.0625 0.05882353 0.055555556 0.05263158 0.05 0.04761905 0.045454547 0.04347826 0.041666668 0.04 0.04 0.03846154 0.037037037 0.035714287 0.0
0.0 0.055555556 0.0 0.0 0.06666667 0.0 0.05263158 0.0 0.0 0.0 0.0 0.0 0.04347826 0.0 0.041666668 0.0 0.0 0.037037037 0.0
0.0 0.05882353 0.0625 0.06666667 0.071428575 0.0 0.05 0.05263158 0.055555556 0.0 0.05 0.04761905 0.045454547 0.0 0.04347826 0.041666668 0.04 0.03846154 0.0
0.0 0.0 0.0 0.0 0.07692308 0.0 0.0 0.0 0.05882353 0.0 0.05263158 0.0 0.0 0.0 0.045454547 0.0 0.0 0.0 0.0
0.0 0.0 0.0 0.0 0.083333336 0.0 0.071428575 0.06666667 0.0625 0.05882353 0.055555556 0.05263158 0.05 0.0 0.04761905 0.0 0.0 0.0 0.0
0.0 0.0 0.0 0.0 0.09090909 0.0 0.07692308 0.0 0.0 0.0 0.0 0.0 0.05263158 0.0 0.05 0.0 0.0 0.0 0.0
0.071428575 0.07692308 0.083333336 0.09090909 0.1 0.09090909 0.083333336 0.0 0.0 0.0 0.0 0.0 0.055555556 0.05263158 0.05263158 0.055555556 0.05882353 0.0625 0.06666667
0.0 0.0 0.0 0.0 0.11111111 0.0 0.09090909 0.0 0.0 0.0 0.0 0.0 0.05882353 0.0 0.05 0.0 0.0 0.0 0.0
0.0 0.0 0.0 0.0 0.125 0.0 0.1 0.09090909 0.083333336 0.07692308 0.071428575 0.06666667 0.0625 0.0 0.04761905 0.0 0.0 0.0 0.0
0.0 0.0 0.0 0.0 0.14285715 0.0 0.11111111 0.0 0.0 0.0 0.0 0.0 0.05882353 0.0 0.04761905 0.0 0.0 0.0 0.0
0.0 0.33333334 0.25 0.2 0.16666667 0.14285715 0.125 0.11111111 0.1 0.0 0.0625 0.05882353 0.055555556 0.05263158 0.05 0.04761905 0.045454547 0.04347826 0.0
0.0 0.5 0.0 0.0 0.14285715 0.0 0.0 0.0 0.09090909 0.0 0.06666667 0.0 0.0 0.0 0.05263158 0.0 0.0 0.041666668 0.0
0.0 1.0 0.5 0.0 0.125 0.11111111 0.1 0.09090909 0.083333336 0.07692308 0.071428575 0.06666667 0.0625 0.05882353 0.055555556 0.0 0.041666668 0.04 0.0
0.0 0.0 0.33333334 0.0 0.14285715 0.0 0.09090909 0.0 0.0 0.0 0.0 0.0 0.05882353 0.0 0.05263158 0.0 0.04347826 0.0 0.0
0.0 0.2 0.25 0.2 0.16666667 0.0 0.083333336 0.07692308 0.071428575 0.0 0.055555556 0.05263158 0.055555556 0.0 0.05 0.04761905 0.045454547 0.04347826 0.0
0.0 0.16666667 0.0 0.0 0.0 0.0 0.0 0.0 0.06666667 0.0 0.05882353 0.0 0.0 0.0 0.0 0.0 0.0 0.041666668 0.0
0.0 0.14285715 0.125 0.11111111 0.1 0.09090909 0.083333336 0.07692308 0.071428575 0.06666667 0.0625 0.05882353 0.055555556 0.05263158 0.05 0.04761905 0.045454547 0.04347826 0.0
0.0 0.0 0.0 0.0 0.0 0.0 0.0 0.0 0.0 0.0 0.0 0.0 0.0 0.0 0.0 0.0 0.0 0.0 0.0