0.0 0.0 0.0 0.0 0.0 0.0 0.0 0.0 0.0 0.0 0.0 0.0 0.0 0.0 0.0 0.0 0.0 0.0 0.0
0.0 0.6231672 0.46190476 0.38448277 0.34097746 0.30793652 0.28633675 0.27141607 0.26125604 0.0 0.26125604 0.2714161 0.28633675 0.30793652 0.34097746 0.38448277 0.46190476 0.62316716 0.0
0.0 1.1285715 0.0 0.0 0.3148148 0.0 0.0 0.0 0.2585498 0.0 0.25854978 0.0 0.0 0.0 0.31481484 0.0 0.0 1.1285715 0.0
0.0 0.6344828 0.0 0.0 0.29896575 0.0 0.0 0.0 0.2589295 0.0 0.25892946 0.0 0.0 0.0 0.29896575 0.0 0.0 0.6344828 0.0
0.0 0.47431082 0.39814815 0.3561086 0.33166668 0.30834734 0.2936508 0.28414404 0.27878788 0.27705628 0.27878788 0.284144 0.29365078 0.30834734 0.33166668 0.3561086 0.39814815 0.47431082 0.0
0.0 0.3925926 0.0 0.0 0.310014 0.0 0.27388763 0.0 0.0 0.0 0.0 0.0 0.2738876 0.0 0.310014 0.0 0.0 0.3925926 0.0
0.0 0.34490412 0.31916666 0.30382207 0.2954624 0.0 0.25795454 0.24998325 0.24444444 0.0 0.24444444 0.24998325 0.25795454 0.0 0.29546237 0.30382204 0.31916666 0.34490412 0.0
0.0 0.0 0.0 0.0 0.28612033 0.0 0.0 0.0 0.24720171 0.0 0.24720171 0.0 0.0 0.0 0.2861203 0.0 0.0 0.0 0.0
0.0 0.0 0.0 0.0 0.2809524 0.0 0.23948413 0.24478844 0.25198412 0.2509804 0.25198412 0.24478847 0.23948412 0.0 0.2809524 0.0 0.0 0.0 0.0
0.0 0.0 0.0 0.0 0.27943724 0.0 0.24885291 0.0 0.0 0.0 0.0 0.0 0.24885291 0.0 0.27943724 0.0 0.0 0.0 0.0
0.25941876 0.26164532 0.26621702 0.27338773 0.28358397 0.2680828 0.26031747 0.0 0.0 0.0 0.0 0.0 0.26031747 0.2680828 0.28358397 0.27338773 0.26621702 0.26164532 0.25941876
0.0 0.0 0.0 0.0 0.28348875 0.0 0.26401836 0.0 0.0 0.0 0.0 0.0 0.26401836 0.0 0.28348875 0.0 0.0 0.0 0.0
0.0 0.0 0.0 0.0 0.2875259 0.0 0.27045456 0.26401836 0.26031747 0.25910932 0.26031747 0.26401833 0.27045456 0.0 0.2875259 0.0 0.0 0.0 0.0
0.0 0.0 0.0 0.0 0.29880953 0.0 0.27223644 0.0 0.0 0.0 0.0 0.0 0.27223644 0.0 0.29880953 0.0 0.0 0.0 0.0
0.0 0.46515748 0.38804716 0.34490412 0.31916666 0.29431224 0.2777778 0.2625662 0.25096154 0.0 0.25096154 0.2625662 0.2777778 0.29431227 0.3191667 0.34490412 0.38804716 0.46515745 0.0
0.0 0.6261494 0.0 0.0 0.29277378 0.0 0.0 0.0 0.24519482 0.0 0.24519482 0.0 0.0 0.0 0.2927738 0.0 0.0 0.6261495 0.0
0.0 1.1209524 0.6193793 0.0 0.27314815 0.25960326 0.25096154 0.24519482 0.24188313 0.24080268 0.24188313 0.24519482 0.25096154 0.25960326 0.27314815 0.0 0.6193793 1.1209524 0.0
0.0 0.0 0.45153987 0.0 0.28383458 0.0 0.23438871 0.0 0.0 0.0 0.0 0.0 0.23438871 0.0 0.2838346 0.0 0.45153987 0.0 0.0
0.0 0.31820655 0.37316716 0.32857144 0.30114943 0.0 0.22005773 0.20751569 0.20198414 0.0 0.20198414 0.20751569 0.22005773 0.0 0.30114943 0.32857144 0.37316716 0.31820652 0.0
0.0 0.28030306 0.0 0.0 0.0 0.0 0.0 0.0 0.19997296 0.0 0.19997296 0.0 0.0 0.0 0.0 0.0 0.0 0.28030303 0.0
0.0 0.25574717 0.23832786 0.22607023 0.21696427 0.21028149 0.20793653 0.20726639 0.2081044 0.20740741 0.2081044 0.20726639 0.20793651 0.21028149 0.21696429 0.22607023 0.23832785 0.25574717 0.0
0.0 0.0 0.0 0.0 0.0 0.0 0.0 0.0 0.0 0.0 0.0 0.0 0.0 0.0 0.0 0.0 0.0 0.0 0.0