0.0 0.0 0.0 0.0 0.0 0.0 0.0 0.0 0.0 0.0 0.0 0.0 0.0 0.0 0.0 0.0 0.0 0.0 0.0
0.0 0.06461082 0.0717898 0.079766445 0.08862938 0.079766445 0.0717898 0.079766445 0.08862938 0.0 0.10941899 0.12157665 0.13508517 0.15009463 0.16677181 0.15009463 0.13508517 0.12157665 0.0
0.0 0.0717898 0.0 0.0 0.09847709 0.0 0.0 0.0 0.09847709 0.0 0.12157665 0.0 0.0 0.0 0.18530202 0.0 0.0 0.13508517 0.0
0.0 0.079766445 0.0 0.0 0.10941899 0.0 0.0 0.0 0.10941899 0.0 0.13508517 0.0 0.0 0.0 0.20589113 0.0 0.0 0.15009463 0.0
0.0 0.08862938 0.09847709 0.10941899 0.12157665 0.10941899 0.09847709 0.10941899 0.12157665 0.13508517 0.15009463 0.16677181 0.18530202 0.20589113 0.22876793 0.20589113 0.18530202 0.16677181 0.0
0.0 0.09847709 0.0 0.0 0.13508517 0.0 0.10941899 0.0 0.0 0.0 0.0 0.0 0.16677181 0.0 0.25418657 0.0 0.0 0.18530202 0.0
0.0 0.10941899 0.12157665 0.13508517 0.15009463 0.0 0.12157665 0.13508517 0.15009463 0.0 0.18530202 0.16677181 0.15009463 0.0 0.28242955 0.25418657 0.22876793 0.20589113 0.0
0.0 0.0 0.0 0.0 0.16677181 0.0 0.0 0.0 0.16677181 0.0 0.20589113 0.0 0.0 0.0 0.3138106 0.0 0.0 0.0 0.0
0.0 0.0 0.0 0.0 0.18530202 0.0 0.22876793 0.20589113 0.18530202 0.20589113 0.22876793 0.25418657 0.28242955 0.0 0.34867844 0.0 0.0 0.0 0.0
0.0 0.0 0.0 0.0 0.20589113 0.0 0.25418657 0.0 0.0 0.0 0.0 0.0 0.3138106 0.0 0.38742048 0.0 0.0 0.0 0.0
0.25418657 0.22876793 0.20589113 0.20589113 0.22876793 0.25418657 0.28242955 0.0 0.0 0.0 0.0 0.0 0.34867844 0.38742048 0.43046722 0.38742048 0.34867844 0.3138106 0.28242955
0.0 0.0 0.0 0.0 0.25418657 0.0 0.3138106 0.0 0.0 0.0 0.0 0.0 0.38742048 0.0 0.4782969 0.0 0.0 0.0 0.0
0.0 0.0 0.0 0.0 0.28242955 0.0 0.34867844 0.3138106 0.28242955 0.3138106 0.34867844 0.38742048 0.43046722 0.0 0.531441 0.0 0.0 0.0 0.0
0.0 0.0 0.0 0.0 0.3138106 0.0 0.38742048 0.0 0.0 0.0 0.0 0.0 0.4782969 0.0 0.59049 0.0 0.0 0.0 0.0
0.0 0.25418657 0.28242955 0.3138106 0.34867844 0.38742048 0.43046722 0.4782969 0.531441 0.0 0.6561 0.59049 0.531441 0.59049 0.6561 0.59049 0.531441 0.4782969 0.0
0.0 0.22876793 0.0 0.0 0.38742048 0.0 0.0 0.0 0.59049 0.0 0.729 0.0 0.0 0.0 0.729 0.0 0.0 0.43046722 0.0
0.0 0.20589113 0.22876793 0.0 0.43046722 0.4782969 0.531441 0.59049 0.6561 0.729 0.81 0.9 1.0 0.9 0.81 0.0 0.43046722 0.38742048 0.0
0.0 0.0 0.25418657 0.0 0.38742048 0.0 0.4782969 0.0 0.0 0.0 0.0 0.0 0.9 0.0 0.729 0.0 0.4782969 0.0 0.0
0.0 0.25418657 0.28242955 0.3138106 0.34867844 0.0 0.43046722 0.38742048 0.34867844 0.0 0.6561 0.729 0.81 0.0 0.6561 0.59049 0.531441 0.4782969 0.0
0.0 0.22876793 0.0 0.0 0.0 0.0 0.0 0.0 0.38742048 0.0 0.59049 0.0 0.0 0.0 0.0 0.0 0.0 0.43046722 0.0
0.0 0.20589113 0.22876793 0.25418657 0.28242955 0.3138106 0.34867844 0.38742048 0.43046722 0.4782969 0.531441 0.4782969 0.43046722 0.38742048 0.34867844 0.3138106 0.34867844 0.38742048 0.0
0.0 0.0 0.0 0.0 0.0 0.0 0.0 0.0 0.0 0.0 0.0 0.0 0.0 0.0 0.0 0.0 0.0 0.0 0.0