0.0 0.0 0.0 0.0 0.0 0.0 0.0 0.0 0.0 0.0 0.0 0.0 0.0 0.0 0.0 0.0 0.0 0.0 0.0
0.0 0.27892783 0.29165334 0.309994 0.33642584 0.3080233 0.2864573 0.27860898 0.27734768 0.0 0.25327212 0.24768251 0.24530925 0.24985963 0.25728595 0.24476323 0.23346722 0.22321856 0.0
0.0 0.29499134 0.0 0.0 0.38273415 0.0 0.0 0.0 0.29354098 0.0 0.26789695 0.0 0.0 0.0 0.27126098 0.0 0.0 0.23346722 0.0
0.0 0.3174232 0.0 0.0 0.4152257 0.0 0.0 0.0 0.3147467 0.0 0.28472733 0.0 0.0 0.0 0.2869764 0.0 0.0 0.24476323 0.0
0.0 0.34929422 0.36076117 0.38682714 0.43114048 0.44551107 0.43212897 0.3783511 0.34242305 0.3191297 0.3044413 0.30275646 0.30694062 0.3032791 0.3048076 0.2869764 0.27126098 0.25728595 0.0
0.0 0.3801116 0.0 0.0 0.42506194 0.0 0.4789648 0.0 0.0 0.0 0.0 0.0 0.31585765 0.0 0.31045783 0.0 0.0 0.26191646 0.0
0.0 0.40052718 0.42771003 0.44717652 0.4422492 0.0 0.50780684 0.54061085 0.571933 0.0 0.3842751 0.35398668 0.33112898 0.0 0.31872252 0.29969501 0.28292674 0.26802173 0.0
0.0 0.0 0.0 0.0 0.4412966 0.0 0.0 0.0 0.6035314 0.0 0.42712823 0.0 0.0 0.0 0.33572066 0.0 0.0 0.0 0.0
0.0 0.0 0.0 0.0 0.45537737 0.0 0.62525827 0.62847745 0.63873935 0.5805985 0.4887669 0.4583555 0.45223907 0.0 0.35706303 0.0 0.0 0.0 0.0
0.0 0.0 0.0 0.0 0.48142207 0.0 0.6254861 0.0 0.0 0.0 0.0 0.0 0.46392766 0.0 0.38362843 0.0 0.0 0.0 0.0
0.37760365 0.39905143 0.42903307 0.4690202 0.5200558 0.54377604 0.59354454 0.0 0.0 0.0 0.0 0.0 0.48895577 0.44519743 0.41648373 0.3873956 0.36869562 0.36083853 0.36404085
0.0 0.0 0.0 0.0 0.5189376 0.0 0.6090692 0.0 0.0 0.0 0.0 0.0 0.5303416 0.0 0.41873056 0.0 0.0 0.0 0.0
0.0 0.0 0.0 0.0 0.5317014 0.0 0.6620699 0.7010959 0.7035822 0.6973634 0.6843112 0.67013043 0.60113895 0.0 0.429728 0.0 0.0 0.0 0.0
0.0 0.0 0.0 0.0 0.56952196 0.0 0.6544931 0.0 0.0 0.0 0.0 0.0 0.5964497 0.0 0.46099368 0.0 0.0 0.0 0.0
0.0 0.47849292 0.5091256 0.552574 0.62446976 0.63907653 0.6923999 0.7882316 0.85021806 0.0 0.8148934 0.7555948 0.6366631 0.55129856 0.5038989 0.4529708 0.41273052 0.37983373 0.0
0.0 0.45842364 0.0 0.0 0.6540114 0.0 0.0 0.0 0.9158485 0.0 0.8708674 0.0 0.0 0.0 0.50609493 0.0 0.0 0.35227907 0.0
0.0 0.44936153 0.4741473 0.0 0.7227986 0.8511338 0.9630626 0.9660335 1.0 0.95280623 0.9369224 0.825674 0.66533697 0.577196 0.52886003 0.0 0.34122205 0.33702698 0.0
0.0 0.0 0.513517 0.0 0.6421057 0.0 0.92686504 0.0 0.0 0.0 0.0 0.0 0.59265584 0.0 0.4737151 0.0 0.3506286 0.0 0.0
0.0 0.66370577 0.5902294 0.5779314 0.59689784 0.0 0.9099206 0.903035 0.90292823 0.0 0.5499037 0.5430381 0.5560488 0.0 0.430288 0.3949092 0.3771211 0.3656009 0.0
0.0 0.69657063 0.0 0.0 0.0 0.0 0.0 0.0 0.90930957 0.0 0.58204454 0.0 0.0 0.0 0.0 0.0 0.0 0.35966662 0.0
0.0 0.71891433 0.7374183 0.75550866 0.7826852 0.8116055 0.8460724 0.88271415 0.92808497 0.81721973 0.6503194 0.55153424 0.48500574 0.43553895 0.40019572 0.37396905 0.36339763 0.35857046 0.0
0.0 0.0 0.0 0.0 0.0 0.0 0.0 0.0 0.0 0.0 0.0 0.0 0.0 0.0 0.0 0.0 0.0 0.0 0.0