0.0 0.0 0.0 0.0 0.0 0.0 0.0 0.0 0.0 0.0 0.0 0.0 0.0 0.0 0.0 0.0 0.0 0.0 0.0
0.0 0.57894737 0.6315789 0.68421054 0.7368421 0.68421054 0.6315789 0.57894737 0.5263158 0.0 0.36842105 0.31578946 0.2631579 0.21052632 0.15789473 0.10526316 0.05263158 0.0 0.0
0.0 0.6315789 0.0 0.0 0.7368421 0.0 0.0 0.0 0.5263158 0.0 0.42105263 0.0 0.0 0.0 0.21052632 0.0 0.0 0.05263158 0.0
0.0 0.68421054 0.0 0.0 0.7368421 0.0 0.0 0.0 0.57894737 0.0 0.47368422 0.0 0.0 0.0 0.2631579 0.0 0.0 0.10526316 0.0
0.0 0.7368421 0.68421054 0.68421054 0.7368421 0.7368421 0.7368421 0.68421054 0.6315789 0.57894737 0.5263158 0.47368422 0.42105263 0.36842105 0.31578946 0.2631579 0.21052632 0.15789473 0.0
0.0 0.7368421 0.0 0.0 0.68421054 0.0 0.7368421 0.0 0.0 0.0 0.0 0.0 0.47368422 0.0 0.2631579 0.0 0.0 0.10526316 0.0
0.0 0.7894737 0.7894737 0.7368421 0.7368421 0.0 0.7894737 0.84210527 0.8947368 0.0 0.6315789 0.57894737 0.5263158 0.0 0.31578946 0.2631579 0.21052632 0.15789473 0.0
0.0 0.0 0.0 0.0 0.68421054 0.0 0.0 0.0 0.84210527 0.0 0.68421054 0.0 0.0 0.0 0.36842105 0.0 0.0 0.0 0.0
0.0 0.0 0.0 0.0 0.6315789 0.0 0.7894737 0.84210527 0.7894737 0.7368421 0.7368421 0.68421054 0.6315789 0.0 0.42105263 0.0 0.0 0.0 0.0
0.0 0.0 0.0 0.0 0.57894737 0.0 0.7368421 0.0 0.0 0.7368421 0.0 0.0 0.57894737 0.0 0.47368422 0.0 0.0 0.0 0.0
0.42105263 0.47368422 0.5263158 0.57894737 0.6315789 0.68421054 0.7368421 0.0 0.6315789 0.68421054 0.6315789 0.0 0.6315789 0.57894737 0.5263158 0.47368422 0.42105263 0.36842105 0.36842105
0.0 0.0 0.0 0.0 0.57894737 0.0 0.68421054 0.0 0.0 0.7368421 0.0 0.0 0.68421054 0.0 0.47368422 0.0 0.0 0.0 0.0
0.0 0.0 0.0 0.0 0.5263158 0.0 0.7368421 0.7368421 0.7894737 0.84210527 0.7894737 0.7368421 0.7368421 0.0 0.5263158 0.0 0.0 0.0 0.0
0.0 0.0 0.0 0.0 0.57894737 0.0 0.68421054 0.0 0.0 0.0 0.0 0.0 0.68421054 0.0 0.57894737 0.0 0.0 0.0 0.0
0.0 0.47368422 0.5263158 0.57894737 0.6315789 0.68421054 0.7368421 0.7368421 0.7894737 0.0 0.7894737 0.7368421 0.7368421 0.68421054 0.6315789 0.57894737 0.5263158 0.47368422 0.0
0.0 0.5263158 0.0 0.0 0.68421054 0.0 0.0 0.0 0.84210527 0.0 0.84210527 0.0 0.0 0.0 0.57894737 0.0 0.0 0.42105263 0.0
0.0 0.57894737 0.6315789 0.0 0.7368421 0.7368421 0.7894737 0.84210527 0.8947368 0.84210527 0.7894737 0.7368421 0.7368421 0.68421054 0.6315789 0.0 0.31578946 0.36842105 0.0
0.0 0.0 0.68421054 0.0 0.68421054 0.0 0.84210527 0.0 0.0 0.0 0.0 0.0 0.68421054 0.0 0.57894737 0.0 0.36842105 0.0 0.0
0.0 0.7368421 0.7368421 0.68421054 0.6315789 0.0 0.8947368 0.94736844 0.8947368 0.0 0.6315789 0.57894737 0.6315789 0.0 0.5263158 0.47368422 0.42105263 0.36842105 0.0
0.0 0.7894737 0.0 0.0 0.0 0.0 0.0 0.0 0.84210527 0.0 0.68421054 0.0 0.0 0.0 0.0 0.0 0.0 0.31578946 0.0
0.0 0.84210527 0.8947368 0.94736844 1.0 0.94736844 0.8947368 0.84210527 0.7894737 0.7368421 0.7368421 0.68421054 0.6315789 0.57894737 0.5263158 0.47368422 0.42105263 0.36842105 0.0
0.0 0.0 0.0 0.0 0.0 0.0 0.0 0.0 0.0 0.0 0.0 0.0 0.0 0.0 0.0 0.0 0.0 0.0 0.0